# This file may be used to create an environment using:
# $ conda create --name <env> --file <this file>
# platform: win-64
ca-certificates=2021.10.8=h5b45459_0
certifi=2021.5.30=py36ha15d459_0
colorama=0.4.4=pyh9f0ad1d_0
console_shortcut=0.1.1=4
convertdate=2.4.0=pyhd8ed1ab_0
cycler=0.11.0=pyhd8ed1ab_0
cython=0.29.24=py36he2d232f_0
ephem=4.1=py36h68aa20f_0
fbprophet=0.7.1=py36h003fed8_0
freetype=2.10.4=h546665d_1
hijri-converter=2.2.3=pyhd8ed1ab_0
holidays=0.13=pyhd8ed1ab_0
icu=69.1=h0e60522_0
intel-openmp=2022.0.0=h57928b3_3663
jbig=2.1=h8d14728_2003
joblib=1.1.0=pypi_0
jpeg=9e=h8ffe710_0
kiwisolver=1.3.1=py36he95197e_1
korean_lunar_calendar=0.2.1=pyh9f0ad1d_0
lcms2=2.12=h2a16943_0
lerc=3.0=h0e60522_0
libblas=3.9.0=13_win64_mkl
libcblas=3.9.0=13_win64_mkl
libclang=13.0.1=default_h81446c8_0
libdeflate=1.10=h8ffe710_0
liblapack=3.9.0=13_win64_mkl
libpng=1.6.37=h1d00b33_2
libtiff=4.3.0=hc4061b1_3
libzlib=1.2.11=h8ffe710_1014
lunarcalendar=0.0.9=py_0
lz4-c=1.9.3=h8ffe710_1
m2-base=1.0.0=2
m2-bash=4.3.042=5
m2-bash-completion=2.3=2
m2-catgets=1.1=3
m2-coreutils=8.25=102
m2-dash=0.5.8=2
m2-diffutils=3.3=4
m2-file=5.25=2
m2-filesystem=2016.04=4
m2-findutils=4.6.0=2
m2-gawk=4.1.3=2
m2-gcc-libs=5.3.0=4
m2-gettext=0.19.7=4
m2-gmp=6.1.0=3
m2-grep=2.22=4
m2-gzip=1.7=2
m2-inetutils=1.9.2=2
m2-info=6.0=2
m2-less=481=2
m2-libasprintf=0.19.7=4
m2-libbz2=1.0.6=3
m2-libcatgets=1.1=3
m2-libcrypt=1.3=2
m2-libgettextpo=0.19.7=4
m2-libiconv=1.14=3
m2-libintl=0.19.7=4
m2-liblzma=5.2.2=2
m2-libpcre=8.38=2
m2-libreadline=6.3.008=8
m2-libutil-linux=2.26.2=2
m2-libxml2=2.9.2=3
m2-make=4.1=5
m2-mintty=1!2.2.3=2
m2-mpfr=3.1.4=2
m2-msys2-launcher-git=0.3.28.860c495=2
m2-msys2-runtime=2.5.0.17080.65c939c=3
m2-ncurses=6.0.20160220=2
m2-sed=4.2.2=3
m2-tar=1.28=4
m2-tftp-hpa=5.2=2
m2-time=1.7=2
m2-ttyrec=1.0.8=2
m2-tzcode=2015.e=2
m2-unzip=6.0=3
m2-util-linux=2.26.2=2
m2-which=2.21=3
m2-zip=3.0=2
m2-zlib=1.2.8=4
m2w64-binutils=2.25.1=5
m2w64-bzip2=1.0.6=6
m2w64-crt-git=5.0.0.4636.2595836=2
m2w64-gcc=5.3.0=6
m2w64-gcc-ada=5.3.0=6
m2w64-gcc-fortran=5.3.0=6
m2w64-gcc-libgfortran=5.3.0=6
m2w64-gcc-libs=5.3.0=7
m2w64-gcc-libs-core=5.3.0=7
m2w64-gcc-objc=5.3.0=6
m2w64-gmp=6.1.0=2
m2w64-headers-git=5.0.0.4636.c0ad18a=2
m2w64-isl=0.16.1=2
m2w64-libiconv=1.14=6
m2w64-libmangle-git=5.0.0.4509.2e5a9a2=2
m2w64-libwinpthread-git=5.0.0.4634.697f757=2
m2w64-make=4.1.2351.a80a8b8=2
m2w64-mpc=1.0.3=3
m2w64-mpfr=3.1.4=4
m2w64-pkg-config=0.29.1=2
m2w64-toolchain=5.3.0=7
m2w64-toolchain_win-64=2.4.0=0
m2w64-tools-git=5.0.0.4592.90b8472=2
m2w64-windows-default-manifest=6.4=3
m2w64-winpthreads-git=5.0.0.4634.697f757=2
m2w64-zlib=1.2.8=10
matplotlib=3.3.4=py36ha15d459_0
matplotlib-base=3.3.4=py36h1abdf75_0
mkl=2022.0.0=h0e2418a_796
msys2-conda-epoch=20160418=1
numpy=1.19.5=py36h4b40d73_2
olefile=0.46=pyh9f0ad1d_1
openjpeg=2.4.0=hb211442_1
openssl=1.1.1n=h8ffe710_0
pandas=1.1.5=py36he38d939_0
pillow=8.3.2=py36h10c25d6_0
pip=21.2.2=py36haa95532_0
posix=1.0.0=2
pymeeus=0.5.10=pyhd8ed1ab_0
pyparsing=3.0.7=pyhd8ed1ab_0
pyqt=5.12.3=py36ha15d459_7
pyqt-impl=5.12.3=py36he2d232f_7
pyqt5-sip=4.19.18=py36he2d232f_7
pyqtchart=5.12=py36he2d232f_7
pyqtwebengine=5.12.1=py36he2d232f_7
pystan=2.19.1.1=pypi_0
python=3.6.13=h3758d61_0
python-dateutil=2.8.2=pyhd8ed1ab_0
python_abi=3.6=2_cp36m
pytz=2022.1=pyhd8ed1ab_0
qt=5.12.9=h556501e_6
scikit-learn=0.24.2=pypi_0
scipy=1.5.4=pypi_0
setuptools=58.0.4=py36haa95532_0
six=1.16.0=pyh6c4a22f_0
sklearn=0.0=pypi_0
sqlite=3.38.0=h2bbff1b_0
tbb=2021.5.0=h2d74725_0
threadpoolctl=3.1.0=pypi_0
tk=8.6.12=h8ffe710_0
tornado=6.1=py36h68aa20f_1
tqdm=4.63.1=pyhd8ed1ab_0
vc=14.2=h21ff451_1
vs2015_runtime=14.27.29016=h5e58377_2
wheel=0.37.1=pyhd3eb1b0_0
wincertstore=0.2=py36h7fe50ca_0
xz=5.2.5=h62dcd97_1
zlib=1.2.11=h8ffe710_1014
zstd=1.5.2=h6255e5f_0
